 Promedio:    489.450012    
 Desviacion:    13.6471739    
